1 5 9.90 55
2 50 12.99 20
3 8 45.00 10
4 0 23.50 15
5 74 3.25 30
6 5 89.99 5
7 200 1.50 50
8 42 15.75 25
9 3 199.99 8
10 120 8.90 40
11 10 10.00 10
12 46 2.36 30
13 1 350.00 2
14 65 18.25 30
15 180 2.75 60
16 12 125.00 15
17 0 42.50 10
18 88 9.99 45
19 6 78.00 12
20 145 5.50 50
21 30 35.99 18
22 4 155.00 6
23 110 11.25 40
24 22 28.75 25
25 0 95.00 5
26 175 6.80 55
27 9 215.50 10
28 58 14.99 30
29 2 450.00 3
30 88 7.25 48
31 95 13.50 35
32 0 68.99 8
33 142 4.25 50
34 18 92.50 20
35 67 16.75 30
36 5 189.00 10
37 225 3.99 75
38 41 27.50 28
39 8 134.99 12
40 103 9.75 45
41 0 52.00 15
42 78 19.99 35
43 2 299.99 5
44 156 5.25 60
45 33 38.50 25
46 11 147.00 18
47 189 2.99 70
48 54 22.75 30
49 7 175.50 10
50 125 8.50 50
51 26 45.99 22
52 0 112.00 12
53 98 11.99 40
54 14 88.75 16
55 170 6.50 55
56 44 31.25 28
57 3 425.00 6
58 81 14.50 38
59 9 165.99 15
60 137 7.99 52
61 62 24.99 32
62 1 589.00 4
63 115 10.25 48
64 0 73.50 10
65 88 18.99 42
66 206 4.75 80
67 29 56.00 24
68 12 139.99 14
69 91 12.50 44
70 5 215.00 8
